0.4024338153142111 -0.5465218434297644
0.41070605574659663 -0.48690183368304335
0.4194145548573896 -0.4212529797172705
0.42903002675204016 -0.3459828071541055
0.4383951256737828 -0.27056473928412145
0.44711529197255145 -0.19910048437311284
0.45705800905854604 -0.11691110960149823
0.46243260125153773 -0.0724551061041244
0.46777525560476607 -0.02841246336087382
0.4728234415381327 0.01294970899976441
0.4785063401456618 0.05908245509765597
0.4869964047885813 0.12684138155869187
0.4953403534949375 0.1916615142318072
0.5051130966709044 0.2647521642221568
0.5110870672461876 0.3076564908054287
0.518067024790872 0.35584640761435055
0.5223655101374108 0.3843939273201499
0.5295720277574553 0.43016821276063144
0.537175076868461 0.4754252352096008
0.5454415761556298 0.5208322525321624
0.5457390322181964 0.5223890854101968
0.5543419569567926 0.5650036876140836
0.5572866837110798 0.5784926756316682
0.5623878707290163 0.6004931370962276
0.5684150472312687 0.6242029392949293
0.5730462439827408 0.640702867822683
0.5812945827089541 0.6663110436731486
0.5876059385121732 0.682580699372318
0.5972384262919053 0.7017714258895673
0.6017603186321646 0.7084126771387209
0.6077036110858498 0.7148351490645752
0.6086827980869511 0.7156421156995568
0.618340773146167 0.719810265636374
0.6197789117411818 0.7198448935273116
0.6195270116998157 0.7198497420705648
